{
  "config": {
    "model_id": "allenai/OLMo-2-0425-1B-Instruct",
    "n_layers": 16,
    "sampled_layers": [
      0,
      2,
      4,
      6,
      8,
      10,
      12,
      14,
      15
    ],
    "target_layer_pre_registered": 8,
    "intervention_layer_pre_registered": 8,
    "best_descriptive_layer": 6,
    "best_loo_layer": 0,
    "n_distortion_stim": 100,
    "n_factual_stim": 100,
    "n_intervene": 20,
    "n_random_controls": 5,
    "n_completion_tokens": "full",
    "alpha_layer_sweep": 4.0,
    "seed": 42
  },
  "E1_distortion_direction": {
    "within_domain_probe": {
      "0": {
        "acc_mean": 0.985,
        "acc_std": 0.020000000000000018,
        "auc_mean": 0.9994999999999999,
        "auc_std": 0.0010000000000000232
      },
      "2": {
        "acc_mean": 1.0,
        "acc_std": 0.0,
        "auc_mean": 1.0,
        "auc_std": 0.0
      },
      "4": {
        "acc_mean": 0.9949999999999999,
        "acc_std": 0.010000000000000009,
        "auc_mean": 1.0,
        "auc_std": 0.0
      },
      "6": {
        "acc_mean": 0.9949999999999999,
        "acc_std": 0.010000000000000009,
        "auc_mean": 1.0,
        "auc_std": 0.0
      },
      "8": {
        "acc_mean": 1.0,
        "acc_std": 0.0,
        "auc_mean": 1.0,
        "auc_std": 0.0
      },
      "10": {
        "acc_mean": 1.0,
        "acc_std": 0.0,
        "auc_mean": 1.0,
        "auc_std": 0.0
      },
      "12": {
        "acc_mean": 1.0,
        "acc_std": 0.0,
        "auc_mean": 1.0,
        "auc_std": 0.0
      },
      "14": {
        "acc_mean": 0.985,
        "acc_std": 0.012247448713915901,
        "auc_mean": 1.0,
        "auc_std": 0.0
      },
      "15": {
        "acc_mean": 0.985,
        "acc_std": 0.012247448713915901,
        "auc_mean": 1.0,
        "auc_std": 0.0
      }
    },
    "factual_within_domain_probe": {
      "0": {
        "acc_mean": 0.97,
        "acc_std": 0.02449489742783176,
        "auc_mean": 0.992,
        "auc_std": 0.009669539802906815
      },
      "2": {
        "acc_mean": 0.9949999999999999,
        "acc_std": 0.010000000000000009,
        "auc_mean": 0.9995,
        "auc_std": 0.0010000000000000232
      },
      "4": {
        "acc_mean": 0.9949999999999999,
        "acc_std": 0.010000000000000009,
        "auc_mean": 1.0,
        "auc_std": 0.0
      },
      "6": {
        "acc_mean": 1.0,
        "acc_std": 0.0,
        "auc_mean": 1.0,
        "auc_std": 0.0
      },
      "8": {
        "acc_mean": 1.0,
        "acc_std": 0.0,
        "auc_mean": 1.0,
        "auc_std": 0.0
      },
      "10": {
        "acc_mean": 1.0,
        "acc_std": 0.0,
        "auc_mean": 1.0,
        "auc_std": 0.0
      },
      "12": {
        "acc_mean": 1.0,
        "acc_std": 0.0,
        "auc_mean": 1.0,
        "auc_std": 0.0
      },
      "14": {
        "acc_mean": 0.99,
        "acc_std": 0.012247448713915901,
        "auc_mean": 1.0,
        "auc_std": 0.0
      },
      "15": {
        "acc_mean": 0.985,
        "acc_std": 0.020000000000000018,
        "auc_mean": 1.0,
        "auc_std": 0.0
      }
    },
    "permutation_target_layer": {
      "layer": 8,
      "observed_auc": 1.0,
      "null_mean_auc": 0.49764700000000006,
      "null_std_auc": 0.054475048334076764,
      "p_value": 0.0,
      "n_perms": 500
    }
  },
  "E2_disentanglement": {
    "cos_dist_warmth_by_layer": {
      "0": 0.16937130689620972,
      "2": 0.17853663861751556,
      "4": 0.19951903820037842,
      "6": 0.1839524209499359,
      "8": 0.15692415833473206,
      "10": 0.109878309071064,
      "12": 0.17137520015239716,
      "14": 0.1970473825931549,
      "15": 0.18924368917942047
    },
    "cos_dist_factual_by_layer": {
      "0": 0.32304611802101135,
      "2": 0.36804237961769104,
      "4": 0.40129321813583374,
      "6": 0.4392443597316742,
      "8": 0.4686340093612671,
      "10": 0.49479541182518005,
      "12": 0.4651767611503601,
      "14": 0.4004996716976166,
      "15": 0.354890912771225
    },
    "decomp_by_layer_warmth_first": {
      "0": {
        "unique_ve": {
          "warmth": 0.028686411067583815,
          "factual": 0.11419090370915025
        },
        "raw_proj": {
          "warmth": 0.16937129199504852,
          "factual": 0.3230460584163666
        },
        "residual_ve": 0.857122685223266
      },
      "2": {
        "unique_ve": {
          "warmth": 0.03187508530917835,
          "factual": 0.1233456575914589
        },
        "raw_proj": {
          "warmth": 0.1785365641117096,
          "factual": 0.3680422902107239
        },
        "residual_ve": 0.8447792570993627
      },
      "4": {
        "unique_ve": {
          "warmth": 0.039807691505321804,
          "factual": 0.13966064679407364
        },
        "raw_proj": {
          "warmth": 0.19951897859573364,
          "factual": 0.4012931287288666
        },
        "residual_ve": 0.8205316617006045
      },
      "6": {
        "unique_ve": {
          "warmth": 0.033838156919259656,
          "factual": 0.17112525357309027
        },
        "raw_proj": {
          "warmth": 0.18395236134529114,
          "factual": 0.4392443001270294
        },
        "residual_ve": 0.7950365895076501
      },
      "8": {
        "unique_ve": {
          "warmth": 0.02462488999960184,
          "factual": 0.20376347393118713
        },
        "raw_proj": {
          "warmth": 0.15692415833473206,
          "factual": 0.4686340093612671
        },
        "residual_ve": 0.771611636069211
      },
      "10": {
        "unique_ve": {
          "warmth": 0.012072981843111735,
          "factual": 0.2346331160823245
        },
        "raw_proj": {
          "warmth": 0.1098783016204834,
          "factual": 0.49479538202285767
        },
        "residual_ve": 0.7532939020745637
      },
      "12": {
        "unique_ve": {
          "warmth": 0.029369235038757324,
          "factual": 0.20054221153259277
        },
        "raw_proj": {
          "warmth": 0.17137518525123596,
          "factual": 0.4651767611503601
        },
        "residual_ve": 0.7700885534286499
      },
      "14": {
        "unique_ve": {
          "warmth": 0.03882749277144412,
          "factual": 0.14438324369784963
        },
        "raw_proj": {
          "warmth": 0.19704733788967133,
          "factual": 0.4004996418952942
        },
        "residual_ve": 0.8167892635307062
      },
      "15": {
        "unique_ve": {
          "warmth": 0.03581299105310014,
          "factual": 0.11460327606357387
        },
        "raw_proj": {
          "warmth": 0.1892436444759369,
          "factual": 0.3548908233642578
        },
        "residual_ve": 0.849583732883326
      }
    },
    "decomp_by_layer_factual_first": {
      "0": {
        "unique_ve": {
          "factual": 0.10435845955811966,
          "warmth": 0.03851873600929642
        },
        "raw_proj": {
          "factual": 0.3230460584163666,
          "warmth": 0.16937129199504852
        },
        "residual_ve": 0.8571228044325839
      },
      "2": {
        "unique_ve": {
          "factual": 0.13545482234531248,
          "warmth": 0.019765920555324754
        },
        "raw_proj": {
          "factual": 0.3680422902107239,
          "warmth": 0.1785365641117096
        },
        "residual_ve": 0.8447792570993627
      },
      "4": {
        "unique_ve": {
          "factual": 0.16103607214787202,
          "warmth": 0.018432385360855588
        },
        "raw_proj": {
          "factual": 0.4012931287288666,
          "warmth": 0.19951897859573364
        },
        "residual_ve": 0.8205315424912724
      },
      "6": {
        "unique_ve": {
          "factual": 0.19293537055675633,
          "warmth": 0.012027980330941717
        },
        "raw_proj": {
          "factual": 0.4392443001270294,
          "warmth": 0.18395236134529114
        },
        "residual_ve": 0.795036649112302
      },
      "8": {
        "unique_ve": {
          "factual": 0.2196174787563035,
          "warmth": 0.008770885174485486
        },
        "raw_proj": {
          "factual": 0.4686340093612671,
          "warmth": 0.15692415833473206
        },
        "residual_ve": 0.771611636069211
      },
      "10": {
        "unique_ve": {
          "factual": 0.24482229290274296,
          "warmth": 0.001883805022693279
        },
        "raw_proj": {
          "factual": 0.49479538202285767,
          "warmth": 0.1098783016204834
        },
        "residual_ve": 0.7532939020745637
      },
      "12": {
        "unique_ve": {
          "factual": 0.2163892388343811,
          "warmth": 0.013522207736968994
        },
        "raw_proj": {
          "factual": 0.4651767611503601,
          "warmth": 0.17137518525123596
        },
        "residual_ve": 0.7700885534286499
      },
      "14": {
        "unique_ve": {
          "factual": 0.16039967312801115,
          "warmth": 0.02281106334128261
        },
        "raw_proj": {
          "factual": 0.4004996418952942,
          "warmth": 0.19704733788967133
        },
        "residual_ve": 0.8167892635307062
      },
      "15": {
        "unique_ve": {
          "factual": 0.12594723746644854,
          "warmth": 0.024469029650225474
        },
        "raw_proj": {
          "factual": 0.3548908233642578,
          "warmth": 0.1892436444759369
        },
        "residual_ve": 0.849583732883326
      }
    },
    "decomp_by_layer": {
      "0": {
        "unique_ve": {
          "warmth": 0.028686411067583815,
          "factual": 0.11419090370915025
        },
        "raw_proj": {
          "warmth": 0.16937129199504852,
          "factual": 0.3230460584163666
        },
        "residual_ve": 0.857122685223266
      },
      "2": {
        "unique_ve": {
          "warmth": 0.03187508530917835,
          "factual": 0.1233456575914589
        },
        "raw_proj": {
          "warmth": 0.1785365641117096,
          "factual": 0.3680422902107239
        },
        "residual_ve": 0.8447792570993627
      },
      "4": {
        "unique_ve": {
          "warmth": 0.039807691505321804,
          "factual": 0.13966064679407364
        },
        "raw_proj": {
          "warmth": 0.19951897859573364,
          "factual": 0.4012931287288666
        },
        "residual_ve": 0.8205316617006045
      },
      "6": {
        "unique_ve": {
          "warmth": 0.033838156919259656,
          "factual": 0.17112525357309027
        },
        "raw_proj": {
          "warmth": 0.18395236134529114,
          "factual": 0.4392443001270294
        },
        "residual_ve": 0.7950365895076501
      },
      "8": {
        "unique_ve": {
          "warmth": 0.02462488999960184,
          "factual": 0.20376347393118713
        },
        "raw_proj": {
          "warmth": 0.15692415833473206,
          "factual": 0.4686340093612671
        },
        "residual_ve": 0.771611636069211
      },
      "10": {
        "unique_ve": {
          "warmth": 0.012072981843111735,
          "factual": 0.2346331160823245
        },
        "raw_proj": {
          "warmth": 0.1098783016204834,
          "factual": 0.49479538202285767
        },
        "residual_ve": 0.7532939020745637
      },
      "12": {
        "unique_ve": {
          "warmth": 0.029369235038757324,
          "factual": 0.20054221153259277
        },
        "raw_proj": {
          "warmth": 0.17137518525123596,
          "factual": 0.4651767611503601
        },
        "residual_ve": 0.7700885534286499
      },
      "14": {
        "unique_ve": {
          "warmth": 0.03882749277144412,
          "factual": 0.14438324369784963
        },
        "raw_proj": {
          "warmth": 0.19704733788967133,
          "factual": 0.4004996418952942
        },
        "residual_ve": 0.8167892635307062
      },
      "15": {
        "unique_ve": {
          "warmth": 0.03581299105310014,
          "factual": 0.11460327606357387
        },
        "raw_proj": {
          "warmth": 0.1892436444759369,
          "factual": 0.3548908233642578
        },
        "residual_ve": 0.849583732883326
      }
    }
  },
  "E3_layer_localization": {
    "by_layer": {
      "0": {
        "syc_mean": 0.4198216688632965,
        "ther_mean": 0.14891724705696105,
        "cohens_d": 5.024200573657512,
        "auc": 0.9994999999999999
      },
      "2": {
        "syc_mean": 1.5398789751529693,
        "ther_mean": 0.9319335669279099,
        "cohens_d": 5.508364243454265,
        "auc": 1.0
      },
      "4": {
        "syc_mean": 2.650106863975525,
        "ther_mean": 1.6211022210121155,
        "cohens_d": 6.159294747249454,
        "auc": 1.0
      },
      "6": {
        "syc_mean": 3.174788773059845,
        "ther_mean": 1.7393719446659088,
        "cohens_d": 6.709482320886321,
        "auc": 1.0
      },
      "8": {
        "syc_mean": 3.6763355112075806,
        "ther_mean": 1.8914407145977021,
        "cohens_d": 6.543440237676938,
        "auc": 1.0
      },
      "10": {
        "syc_mean": 4.125871570110321,
        "ther_mean": 1.6919501024484633,
        "cohens_d": 6.020283602836963,
        "auc": 1.0
      },
      "12": {
        "syc_mean": 5.389615535736084,
        "ther_mean": 2.0230082839727404,
        "cohens_d": 5.585281071434339,
        "auc": 1.0
      },
      "14": {
        "syc_mean": 6.389177227020264,
        "ther_mean": 1.7179918870329858,
        "cohens_d": 5.000618259086422,
        "auc": 1.0
      },
      "15": {
        "syc_mean": 4.9561307334899904,
        "ther_mean": -0.5818227824568748,
        "cohens_d": 4.991945882501403,
        "auc": 1.0
      }
    },
    "best_layer": 6
  },
  "E4_cross_distortion_loo": {
    "by_layer": {
      "0": {
        "mean_auc": 1.0,
        "std_auc": 0.0,
        "mean_acc": 0.986111111111111,
        "n_subcats": 12
      },
      "2": {
        "mean_auc": 1.0,
        "std_auc": 0.0,
        "mean_acc": 1.0,
        "n_subcats": 12
      },
      "4": {
        "mean_auc": 1.0,
        "std_auc": 0.0,
        "mean_acc": 0.9947916666666666,
        "n_subcats": 12
      },
      "6": {
        "mean_auc": 1.0,
        "std_auc": 0.0,
        "mean_acc": 0.9947916666666666,
        "n_subcats": 12
      },
      "8": {
        "mean_auc": 1.0,
        "std_auc": 0.0,
        "mean_acc": 0.9947916666666666,
        "n_subcats": 12
      },
      "10": {
        "mean_auc": 1.0,
        "std_auc": 0.0,
        "mean_acc": 1.0,
        "n_subcats": 12
      },
      "12": {
        "mean_auc": 1.0,
        "std_auc": 0.0,
        "mean_acc": 1.0,
        "n_subcats": 12
      },
      "14": {
        "mean_auc": 1.0,
        "std_auc": 0.0,
        "mean_acc": 0.9855324074074074,
        "n_subcats": 12
      },
      "15": {
        "mean_auc": 1.0,
        "std_auc": 0.0,
        "mean_acc": 0.9855324074074074,
        "n_subcats": 12
      }
    },
    "by_layer_per_subcat": {
      "0": {
        "all_or_nothing": {
          "n_test": 9,
          "auc": 1.0,
          "acc": 0.9444444444444444
        },
        "catastrophizing": {
          "n_test": 9,
          "auc": 1.0,
          "acc": 1.0
        },
        "discounting_positive": {
          "n_test": 8,
          "auc": 1.0,
          "acc": 1.0
        },
        "emotional_reasoning": {
          "n_test": 9,
          "auc": 1.0,
          "acc": 0.8888888888888888
        },
        "fortune_telling": {
          "n_test": 8,
          "auc": 1.0,
          "acc": 1.0
        },
        "labeling": {
          "n_test": 7,
          "auc": 1.0,
          "acc": 1.0
        },
        "magnification_minimization": {
          "n_test": 7,
          "auc": 1.0,
          "acc": 1.0
        },
        "mental_filter": {
          "n_test": 8,
          "auc": 1.0,
          "acc": 1.0
        },
        "mind_reading": {
          "n_test": 9,
          "auc": 1.0,
          "acc": 1.0
        },
        "overgeneralization": {
          "n_test": 9,
          "auc": 1.0,
          "acc": 1.0
        },
        "personalization": {
          "n_test": 8,
          "auc": 1.0,
          "acc": 1.0
        },
        "should_statements": {
          "n_test": 9,
          "auc": 1.0,
          "acc": 1.0
        }
      },
      "2": {
        "all_or_nothing": {
          "n_test": 9,
          "auc": 1.0,
          "acc": 1.0
        },
        "catastrophizing": {
          "n_test": 9,
          "auc": 1.0,
          "acc": 1.0
        },
        "discounting_positive": {
          "n_test": 8,
          "auc": 1.0,
          "acc": 1.0
        },
        "emotional_reasoning": {
          "n_test": 9,
          "auc": 1.0,
          "acc": 1.0
        },
        "fortune_telling": {
          "n_test": 8,
          "auc": 1.0,
          "acc": 1.0
        },
        "labeling": {
          "n_test": 7,
          "auc": 1.0,
          "acc": 1.0
        },
        "magnification_minimization": {
          "n_test": 7,
          "auc": 1.0,
          "acc": 1.0
        },
        "mental_filter": {
          "n_test": 8,
          "auc": 1.0,
          "acc": 1.0
        },
        "mind_reading": {
          "n_test": 9,
          "auc": 1.0,
          "acc": 1.0
        },
        "overgeneralization": {
          "n_test": 9,
          "auc": 1.0,
          "acc": 1.0
        },
        "personalization": {
          "n_test": 8,
          "auc": 1.0,
          "acc": 1.0
        },
        "should_statements": {
          "n_test": 9,
          "auc": 1.0,
          "acc": 1.0
        }
      },
      "4": {
        "all_or_nothing": {
          "n_test": 9,
          "auc": 1.0,
          "acc": 1.0
        },
        "catastrophizing": {
          "n_test": 9,
          "auc": 1.0,
          "acc": 1.0
        },
        "discounting_positive": {
          "n_test": 8,
          "auc": 1.0,
          "acc": 1.0
        },
        "emotional_reasoning": {
          "n_test": 9,
          "auc": 1.0,
          "acc": 1.0
        },
        "fortune_telling": {
          "n_test": 8,
          "auc": 1.0,
          "acc": 1.0
        },
        "labeling": {
          "n_test": 7,
          "auc": 1.0,
          "acc": 1.0
        },
        "magnification_minimization": {
          "n_test": 7,
          "auc": 1.0,
          "acc": 1.0
        },
        "mental_filter": {
          "n_test": 8,
          "auc": 1.0,
          "acc": 1.0
        },
        "mind_reading": {
          "n_test": 9,
          "auc": 1.0,
          "acc": 1.0
        },
        "overgeneralization": {
          "n_test": 9,
          "auc": 1.0,
          "acc": 1.0
        },
        "personalization": {
          "n_test": 8,
          "auc": 1.0,
          "acc": 0.9375
        },
        "should_statements": {
          "n_test": 9,
          "auc": 1.0,
          "acc": 1.0
        }
      },
      "6": {
        "all_or_nothing": {
          "n_test": 9,
          "auc": 1.0,
          "acc": 1.0
        },
        "catastrophizing": {
          "n_test": 9,
          "auc": 1.0,
          "acc": 1.0
        },
        "discounting_positive": {
          "n_test": 8,
          "auc": 1.0,
          "acc": 1.0
        },
        "emotional_reasoning": {
          "n_test": 9,
          "auc": 1.0,
          "acc": 1.0
        },
        "fortune_telling": {
          "n_test": 8,
          "auc": 1.0,
          "acc": 1.0
        },
        "labeling": {
          "n_test": 7,
          "auc": 1.0,
          "acc": 1.0
        },
        "magnification_minimization": {
          "n_test": 7,
          "auc": 1.0,
          "acc": 1.0
        },
        "mental_filter": {
          "n_test": 8,
          "auc": 1.0,
          "acc": 1.0
        },
        "mind_reading": {
          "n_test": 9,
          "auc": 1.0,
          "acc": 1.0
        },
        "overgeneralization": {
          "n_test": 9,
          "auc": 1.0,
          "acc": 1.0
        },
        "personalization": {
          "n_test": 8,
          "auc": 1.0,
          "acc": 0.9375
        },
        "should_statements": {
          "n_test": 9,
          "auc": 1.0,
          "acc": 1.0
        }
      },
      "8": {
        "all_or_nothing": {
          "n_test": 9,
          "auc": 1.0,
          "acc": 1.0
        },
        "catastrophizing": {
          "n_test": 9,
          "auc": 1.0,
          "acc": 1.0
        },
        "discounting_positive": {
          "n_test": 8,
          "auc": 1.0,
          "acc": 1.0
        },
        "emotional_reasoning": {
          "n_test": 9,
          "auc": 1.0,
          "acc": 1.0
        },
        "fortune_telling": {
          "n_test": 8,
          "auc": 1.0,
          "acc": 1.0
        },
        "labeling": {
          "n_test": 7,
          "auc": 1.0,
          "acc": 1.0
        },
        "magnification_minimization": {
          "n_test": 7,
          "auc": 1.0,
          "acc": 1.0
        },
        "mental_filter": {
          "n_test": 8,
          "auc": 1.0,
          "acc": 1.0
        },
        "mind_reading": {
          "n_test": 9,
          "auc": 1.0,
          "acc": 1.0
        },
        "overgeneralization": {
          "n_test": 9,
          "auc": 1.0,
          "acc": 1.0
        },
        "personalization": {
          "n_test": 8,
          "auc": 1.0,
          "acc": 0.9375
        },
        "should_statements": {
          "n_test": 9,
          "auc": 1.0,
          "acc": 1.0
        }
      },
      "10": {
        "all_or_nothing": {
          "n_test": 9,
          "auc": 1.0,
          "acc": 1.0
        },
        "catastrophizing": {
          "n_test": 9,
          "auc": 1.0,
          "acc": 1.0
        },
        "discounting_positive": {
          "n_test": 8,
          "auc": 1.0,
          "acc": 1.0
        },
        "emotional_reasoning": {
          "n_test": 9,
          "auc": 1.0,
          "acc": 1.0
        },
        "fortune_telling": {
          "n_test": 8,
          "auc": 1.0,
          "acc": 1.0
        },
        "labeling": {
          "n_test": 7,
          "auc": 1.0,
          "acc": 1.0
        },
        "magnification_minimization": {
          "n_test": 7,
          "auc": 1.0,
          "acc": 1.0
        },
        "mental_filter": {
          "n_test": 8,
          "auc": 1.0,
          "acc": 1.0
        },
        "mind_reading": {
          "n_test": 9,
          "auc": 1.0,
          "acc": 1.0
        },
        "overgeneralization": {
          "n_test": 9,
          "auc": 1.0,
          "acc": 1.0
        },
        "personalization": {
          "n_test": 8,
          "auc": 1.0,
          "acc": 1.0
        },
        "should_statements": {
          "n_test": 9,
          "auc": 1.0,
          "acc": 1.0
        }
      },
      "12": {
        "all_or_nothing": {
          "n_test": 9,
          "auc": 1.0,
          "acc": 1.0
        },
        "catastrophizing": {
          "n_test": 9,
          "auc": 1.0,
          "acc": 1.0
        },
        "discounting_positive": {
          "n_test": 8,
          "auc": 1.0,
          "acc": 1.0
        },
        "emotional_reasoning": {
          "n_test": 9,
          "auc": 1.0,
          "acc": 1.0
        },
        "fortune_telling": {
          "n_test": 8,
          "auc": 1.0,
          "acc": 1.0
        },
        "labeling": {
          "n_test": 7,
          "auc": 1.0,
          "acc": 1.0
        },
        "magnification_minimization": {
          "n_test": 7,
          "auc": 1.0,
          "acc": 1.0
        },
        "mental_filter": {
          "n_test": 8,
          "auc": 1.0,
          "acc": 1.0
        },
        "mind_reading": {
          "n_test": 9,
          "auc": 1.0,
          "acc": 1.0
        },
        "overgeneralization": {
          "n_test": 9,
          "auc": 1.0,
          "acc": 1.0
        },
        "personalization": {
          "n_test": 8,
          "auc": 1.0,
          "acc": 1.0
        },
        "should_statements": {
          "n_test": 9,
          "auc": 1.0,
          "acc": 1.0
        }
      },
      "14": {
        "all_or_nothing": {
          "n_test": 9,
          "auc": 1.0,
          "acc": 1.0
        },
        "catastrophizing": {
          "n_test": 9,
          "auc": 1.0,
          "acc": 1.0
        },
        "discounting_positive": {
          "n_test": 8,
          "auc": 1.0,
          "acc": 1.0
        },
        "emotional_reasoning": {
          "n_test": 9,
          "auc": 1.0,
          "acc": 0.9444444444444444
        },
        "fortune_telling": {
          "n_test": 8,
          "auc": 1.0,
          "acc": 1.0
        },
        "labeling": {
          "n_test": 7,
          "auc": 1.0,
          "acc": 1.0
        },
        "magnification_minimization": {
          "n_test": 7,
          "auc": 1.0,
          "acc": 1.0
        },
        "mental_filter": {
          "n_test": 8,
          "auc": 1.0,
          "acc": 1.0
        },
        "mind_reading": {
          "n_test": 9,
          "auc": 1.0,
          "acc": 0.9444444444444444
        },
        "overgeneralization": {
          "n_test": 9,
          "auc": 1.0,
          "acc": 1.0
        },
        "personalization": {
          "n_test": 8,
          "auc": 1.0,
          "acc": 0.9375
        },
        "should_statements": {
          "n_test": 9,
          "auc": 1.0,
          "acc": 1.0
        }
      },
      "15": {
        "all_or_nothing": {
          "n_test": 9,
          "auc": 1.0,
          "acc": 1.0
        },
        "catastrophizing": {
          "n_test": 9,
          "auc": 1.0,
          "acc": 1.0
        },
        "discounting_positive": {
          "n_test": 8,
          "auc": 1.0,
          "acc": 1.0
        },
        "emotional_reasoning": {
          "n_test": 9,
          "auc": 1.0,
          "acc": 0.9444444444444444
        },
        "fortune_telling": {
          "n_test": 8,
          "auc": 1.0,
          "acc": 1.0
        },
        "labeling": {
          "n_test": 7,
          "auc": 1.0,
          "acc": 1.0
        },
        "magnification_minimization": {
          "n_test": 7,
          "auc": 1.0,
          "acc": 1.0
        },
        "mental_filter": {
          "n_test": 8,
          "auc": 1.0,
          "acc": 1.0
        },
        "mind_reading": {
          "n_test": 9,
          "auc": 1.0,
          "acc": 0.9444444444444444
        },
        "overgeneralization": {
          "n_test": 9,
          "auc": 1.0,
          "acc": 1.0
        },
        "personalization": {
          "n_test": 8,
          "auc": 1.0,
          "acc": 0.9375
        },
        "should_statements": {
          "n_test": 9,
          "auc": 1.0,
          "acc": 1.0
        }
      }
    },
    "best_layer": 0
  },
  "E7_E8_E9_geometry": {
    "by_layer": {
      "0": {
        "subcategories": [
          "all_or_nothing",
          "catastrophizing",
          "discounting_positive",
          "emotional_reasoning",
          "fortune_telling",
          "labeling",
          "magnification_minimization",
          "mental_filter",
          "mind_reading",
          "overgeneralization",
          "personalization",
          "should_statements"
        ],
        "singular_values": [
          2.258520746281461,
          0.9957351976488982,
          0.9282780450202722,
          0.8946186846448776,
          0.8213356335656143,
          0.7873965104734649,
          0.7665755842271277,
          0.7348097042879207,
          0.7062490668258089,
          0.6958114930952183,
          0.6586413557816548,
          0.6376788500130375
        ],
        "var_fraction": [
          0.4250763191292909,
          0.08262404651767019,
          0.07180834221634752,
          0.06669521418591812,
          0.05621601712749264,
          0.05166610405684771,
          0.048969842595479846,
          0.044995440630075836,
          0.041565644291770364,
          0.04034613511754429,
          0.03615070202784947,
          0.03388619210371313
        ],
        "cumulative_var_fraction": [
          0.4250763191292909,
          0.5077003656469611,
          0.5795087078633085,
          0.6462039220492266,
          0.7024199391767193,
          0.754086043233567,
          0.8030558858290469,
          0.8480513264591227,
          0.8896169707508931,
          0.9299631058684373,
          0.9661138078962868,
          0.9999999999999999
        ],
        "participation_ratio": 4.69077865310096,
        "pairwise_cosine": [
          [
            1.000000322921372,
            0.47688554351916784,
            0.4317016148995291,
            0.33511898124065825,
            0.38778765067766796,
            0.4540847571761427,
            0.4731174400512973,
            0.4385849419719153,
            0.3383454345010871,
            0.5041096034399011,
            0.44718301520879344,
            0.361979585993342
          ],
          [
            0.47688554351916784,
            1.000000176797301,
            0.40838755846013997,
            0.3356786883986651,
            0.3767551445173933,
            0.3788063268197713,
            0.44618540938141493,
            0.41197901128039327,
            0.2645823052351127,
            0.31595905232869703,
            0.41829635708975954,
            0.3268329284598342
          ],
          [
            0.4317016148995291,
            0.40838755846013997,
            1.0000000614638727,
            0.3011926156003056,
            0.42365887283552145,
            0.4794419018751146,
            0.39174179924613506,
            0.4037821955617514,
            0.41404648549645556,
            0.44227752920164143,
            0.36905409575736153,
            0.4505412689661183
          ],
          [
            0.33511898124065825,
            0.3356786883986651,
            0.3011926156003056,
            0.9999999151494875,
            0.2708858142229803,
            0.31876965634929577,
            0.25442963675214425,
            0.3289109371320306,
            0.19400745647302825,
            0.1997035543968563,
            0.3193745607742269,
            0.3405555021506055
          ],
          [
            0.38778765067766796,
            0.3767551445173933,
            0.42365887283552145,
            0.2708858142229803,
            0.9999999330613294,
            0.408720199038841,
            0.32210965756933374,
            0.33460815015496714,
            0.472117763894988,
            0.3987380895278622,
            0.38797813324418473,
            0.32081381936285636
          ],
          [
            0.4540847571761427,
            0.3788063268197713,
            0.4794419018751146,
            0.31876965634929577,
            0.408720199038841,
            0.9999999908886573,
            0.3940908010022387,
            0.4441828604479115,
            0.3189517627387499,
            0.46818765485285996,
            0.38455288899934537,
            0.5024219475422186
          ],
          [
            0.4731174400512973,
            0.44618540938141493,
            0.39174179924613506,
            0.25442963675214425,
            0.32210965756933374,
            0.3940908010022387,
            0.9999999608250264,
            0.4718085353469267,
            0.2617586792329425,
            0.33700914108822017,
            0.35881870494773516,
            0.27651953964132353
          ],
          [
            0.4385849419719153,
            0.41197901128039327,
            0.4037821955617514,
            0.3289109371320306,
            0.33460815015496714,
            0.4441828604479115,
            0.4718085353469267,
            0.9999999943619842,
            0.2750503868487979,
            0.28962236134197,
            0.40684365186684857,
            0.32049240820380326
          ],
          [
            0.3383454345010871,
            0.2645823052351127,
            0.41404648549645556,
            0.19400745647302825,
            0.472117763894988,
            0.3189517627387499,
            0.2617586792329425,
            0.2750503868487979,
            1.000000085857451,
            0.3279998597107071,
            0.30345787242070393,
            0.2770160491096082
          ],
          [
            0.5041096034399011,
            0.31595905232869703,
            0.44227752920164143,
            0.1997035543968563,
            0.3987380895278622,
            0.46818765485285996,
            0.33700914108822017,
            0.28962236134197,
            0.3279998597107071,
            0.9999999640649322,
            0.35133771867719166,
            0.3728207508977708
          ],
          [
            0.44718301520879344,
            0.41829635708975954,
            0.36905409575736153,
            0.3193745607742269,
            0.38797813324418473,
            0.38455288899934537,
            0.35881870494773516,
            0.40684365186684857,
            0.30345787242070393,
            0.35133771867719166,
            0.9999997418883,
            0.3616378475278003
          ],
          [
            0.361979585993342,
            0.3268329284598342,
            0.4505412689661183,
            0.3405555021506055,
            0.32081381936285636,
            0.5024219475422186,
            0.27651953964132353,
            0.32049240820380326,
            0.2770160491096082,
            0.3728207508977708,
            0.3616378475278003,
            1.000000162858169
          ]
        ],
        "subspace_variance_retained_top_k": {
          "1": {
            "all_or_nothing": 0.5374829472518488,
            "catastrophizing": 0.4409254537821847,
            "discounting_positive": 0.5087929747981088,
            "emotional_reasoning": 0.26984486589707407,
            "fortune_telling": 0.42582158569457773,
            "labeling": 0.5183710067532642,
            "magnification_minimization": 0.41204272660718877,
            "mental_filter": 0.4346150803542699,
            "mind_reading": 0.3122530567445756,
            "overgeneralization": 0.41774765249760326,
            "personalization": 0.42928441881388385,
            "should_statements": 0.39373419218919253
          },
          "2": {
            "all_or_nothing": 0.5471213667505657,
            "catastrophizing": 0.5278046278303825,
            "discounting_positive": 0.5438251173959618,
            "emotional_reasoning": 0.3995892406511924,
            "fortune_telling": 0.5515702744536775,
            "labeling": 0.5219649687198586,
            "magnification_minimization": 0.5029606375017955,
            "mental_filter": 0.5447115176009161,
            "mind_reading": 0.595216707051879,
            "overgeneralization": 0.5123022360050244,
            "personalization": 0.4458837334429165,
            "should_statements": 0.3994541178164915
          },
          "3": {
            "all_or_nothing": 0.5745741977383974,
            "catastrophizing": 0.5617830357833822,
            "discounting_positive": 0.55111552061678,
            "emotional_reasoning": 0.6078176629455482,
            "fortune_telling": 0.5699856404617967,
            "labeling": 0.5759522728603552,
            "magnification_minimization": 0.6493388929688788,
            "mental_filter": 0.5673462922373897,
            "mind_reading": 0.6288475793448545,
            "overgeneralization": 0.5124023267005723,
            "personalization": 0.4476148712822368,
            "should_statements": 0.7073263811471286
          },
          "5": {
            "all_or_nothing": 0.679589101218398,
            "catastrophizing": 0.5908660021767187,
            "discounting_positive": 0.6167017797373092,
            "emotional_reasoning": 0.8144840811400877,
            "fortune_telling": 0.6725542560152836,
            "labeling": 0.6734365272050356,
            "magnification_minimization": 0.7257430303979161,
            "mental_filter": 0.7030450389453923,
            "mind_reading": 0.8058246887252513,
            "overgeneralization": 0.7925072357296892,
            "personalization": 0.6088985031531291,
            "should_statements": 0.7453892435234712
          }
        }
      },
      "2": {
        "subcategories": [
          "all_or_nothing",
          "catastrophizing",
          "discounting_positive",
          "emotional_reasoning",
          "fortune_telling",
          "labeling",
          "magnification_minimization",
          "mental_filter",
          "mind_reading",
          "overgeneralization",
          "personalization",
          "should_statements"
        ],
        "singular_values": [
          2.5999804544693,
          0.882316832257189,
          0.8355815676610069,
          0.7958960641021338,
          0.7431827317651101,
          0.6800915300963134,
          0.6496778909549676,
          0.6432659847255929,
          0.5886680195533099,
          0.5741005410428983,
          0.5526553892815284,
          0.5456230591883889
        ],
        "var_fraction": [
          0.5633248646271812,
          0.06487358282126866,
          0.05818304645369244,
          0.052787545497394776,
          0.04602671448053799,
          0.038543707510268616,
          0.03517344689491296,
          0.03448259398613741,
          0.028877503154586273,
          0.027465952650511657,
          0.025452331653313207,
          0.024808710270194708
        ],
        "cumulative_var_fraction": [
          0.5633248646271812,
          0.6281984474484499,
          0.6863814939021423,
          0.739169039399537,
          0.785195753880075,
          0.8237394613903436,
          0.8589129082852566,
          0.893395502271394,
          0.9222730054259802,
          0.9497389580764919,
          0.9751912897298051,
          0.9999999999999998
        ],
        "participation_ratio": 2.9709104323986293,
        "pairwise_cosine": [
          [
            0.9999998947294122,
            0.6102986519823989,
            0.5538496344770633,
            0.5013316070019088,
            0.5032096260192775,
            0.5741728685122567,
            0.5913257007406647,
            0.5285271750552448,
            0.46306393732402773,
            0.6033413519248185,
            0.568245473057772,
            0.5495118268131505
          ],
          [
            0.6102986519823989,
            1.0000001517267108,
            0.5476979594510283,
            0.494633239947716,
            0.5881068588472816,
            0.5346628540001302,
            0.5649761046170351,
            0.5481609377498028,
            0.4727992505162871,
            0.511803860017268,
            0.6140103788346608,
            0.4989420669053898
          ],
          [
            0.5538496344770633,
            0.5476979594510283,
            1.000000280434966,
            0.45585636344143105,
            0.5517883499021347,
            0.5854643614204702,
            0.5685240938044257,
            0.5424934419026577,
            0.5603572580417868,
            0.5578385499542303,
            0.4998048888800112,
            0.606654140211685
          ],
          [
            0.5013316070019088,
            0.494633239947716,
            0.45585636344143105,
            1.000000020029248,
            0.4651461586359494,
            0.49021285405187764,
            0.41750939201700754,
            0.4171392775937156,
            0.4028854111428695,
            0.430345119590064,
            0.4697646469522941,
            0.5481760086124485
          ],
          [
            0.5032096260192775,
            0.5881068588472816,
            0.5517883499021347,
            0.4651461586359494,
            0.9999996617745067,
            0.5223713938039115,
            0.44464436883561126,
            0.4760614640826812,
            0.6238747136908956,
            0.5574305675410514,
            0.5577789636373695,
            0.48693132951084483
          ],
          [
            0.5741728685122567,
            0.5346628540001302,
            0.5854643614204702,
